train: 0.90755601876
test: 0.904404873477
